tetap = -43.8987009191171
tetas = 1.1012990808829028
smax = 14.509611831257688
smin = -11.509611831257688
tmax = 13.009611831257688
smed = 1.5
r = 13.009611831257688
nsx = 7.161656519787117
nsy = -4.161656519787117
ntxy = 11.713054488558996
