tetap = -41.82990412704505
tetas = 3.1700958729549544
smax = 200.55385138137416
smin = 19.446148618625827
tmax = 90.55385138137417
smed = 110.0
r = 90.55385138137417
nsx = 44.488670697021696
nsy = 175.5113293029783
ntxy = 62.51612378384263
